4,3
4,1
4,0
1,1
1,3
1,0
27,1
27,3
27,0
2,1
2,3
2,0
0,9
0,310
0,305
0,308
0,304
0,303
0,302
0,307
0,12
0,10
0,8
0,0
0,492
0,300
0,491
0,299
0,490
0,298
0,489
0,297
0,488
0,296
0,487
0,295
0,486
0,294
0,485
0,293
0,484
0,292
0,483
0,291
0,482
0,290
0,481
0,289
0,480
0,288
0,479
0,287
0,478
0,286
0,477
0,285
0,476
0,284
0,475
0,283
0,474
0,282
0,473
0,281
0,471
0,280
0,470
0,279
0,469
0,278
0,468
0,277
0,467
0,276
0,466
0,275
0,465
0,274
0,464
0,273
0,463
0,272
0,462
0,271
0,461
0,270
0,460
0,269
0,459
0,268
0,458
0,267
0,457
0,266
0,456
0,265
0,455
0,264
0,454
0,263
0,453
0,262
0,452
0,261
0,451
0,260
0,450
0,259
0,449
0,258
0,448
0,257
0,313
0,256
0,312
0,255
0,311
0,254
0,309
0,253
0,306
0,252
0,301
0,251
0,383
0,250
0,382
0,249
0,381
0,248
0,380
0,247
0,379
0,246
0,378
0,245
0,377
0,244
0,376
0,242
0,506
0,241
0,505
0,240
0,504
0,239
0,503
0,238
0,502
0,237
0,370
0,236
0,369
0,235
0,368
0,234
0,367
0,233
0,366
0,232
0,365
0,231
0,364
0,230
0,363
0,229
0,362
0,228
0,361
0,227
0,360
0,226
0,359
0,225
0,358
0,224
0,357
0,223
0,356
0,222
0,355
0,221
0,354
0,220
0,353
0,219
0,352
0,218
0,351
0,217
0,350
0,216
0,349
0,215
0,348
0,214
0,347
0,213
0,346
0,212
0,345
0,211
0,344
0,210
0,343
0,209
0,342
0,208
0,341
0,207
0,340
0,206
0,339
0,205
0,338
0,204
0,337
0,203
0,336
0,202
0,335
0,201
0,334
0,200
0,333
0,199
0,332
0,198
0,331
0,197
0,330
0,196
0,329
0,195
0,328
0,194
0,327
0,193
0,326
0,192
0,325
0,63
0,324
0,62
0,322
0,61
0,321
0,60
0,320
0,59
0,319
0,58
0,318
0,57
0,317
0,56
0,316
0,55
0,315
0,54
0,314
0,53
0,501
0,52
0,500
0,51
0,499
0,50
0,498
0,49
0,497
0,48
0,496
0,47
0,495
0,46
0,494
0,45
0,493
0,6
0,5
0,1
0,11
0,4
0,2
0,3
0,7
